Data,Mon Feb 24 2020 00:00:00 GMT+0100 (Central European Standard Time),Tue Feb 25 2020 00:00:00 GMT+0100 (Central European Standard Time),Wed Feb 26 2020 00:00:00 GMT+0100 (Central European Standard Time),Thu Feb 27 2020 00:00:00 GMT+0100 (Central European Standard Time),Fri Feb 28 2020 00:00:00 GMT+0100 (Central European Standard Time),Sat Feb 29 2020 00:00:00 GMT+0100 (Central European Standard Time),Sun Mar 01 2020 00:00:00 GMT+0100 (Central European Standard Time),Mon Mar 02 2020 00:00:00 GMT+0100 (Central European Standard Time),Tue Mar 03 2020 00:00:00 GMT+0100 (Central European Standard Time),Wed Mar 04 2020 00:00:00 GMT+0100 (Central European Standard Time),Thu Mar 05 2020 00:00:00 GMT+0100 (Central European Standard Time),Fri Mar 06 2020 00:00:00 GMT+0100 (Central European Standard Time),Sat Mar 07 2020 00:00:00 GMT+0100 (Central European Standard Time),Sun Mar 08 2020 00:00:00 GMT+0100 (Central European Standard Time),Mon Mar 09 2020 00:00:00 GMT+0100 (Central European Standard Time),Tue Mar 10 2020 00:00:00 GMT+0100 (Central European Standard Time),Wed Mar 11 2020 00:00:00 GMT+0100 (Central European Standard Time),Thu Mar 12 2020 00:00:00 GMT+0100 (Central European Standard Time),Fri Mar 13 2020 00:00:00 GMT+0100 (Central European Standard Time),Sat Mar 14 2020 00:00:00 GMT+0100 (Central European Standard Time),Sun Mar 15 2020 00:00:00 GMT+0100 (Central European Standard Time),Mon Mar 16 2020 00:00:00 GMT+0100 (Central European Standard Time),Tue Mar 17 2020 00:00:00 GMT+0100 (Central European Standard Time),Wed Mar 18 2020 00:00:00 GMT+0100 (Central European Standard Time),Thu Mar 19 2020 00:00:00 GMT+0100 (Central European Standard Time),Fri Mar 20 2020 00:00:00 GMT+0100 (Central European Standard Time),Sat Mar 21 2020 00:00:00 GMT+0100 (Central European Standard Time),Sun Mar 22 2020 00:00:00 GMT+0100 (Central European Standard Time),Mon Mar 23 2020 00:00:00 GMT+0100 (Central European Standard Time)
Casos positius,,,,,,,3,9,13,15,17,17,45,102,149,195,225,346,417,521,630,765,973,1190,1465,1725,2097,2421,2728
UCI,,,,,,,,,,,,,,,5,5,15,18,20,20,20,33,37,44,53,71,81,92,106
Morts,,,,,,,,,,,,,,,5,6,6,11,14,14,23,36,40,53,71,85,97,120,133
Altes,,,,,,,,,,,,,,,,,,,,,,,,,,,,283,344
Nous positius,,0,0,0,0,0,3,6,4,2,2,0,28,57,47,46,30,121,71,104,109,135,208,217,275,260,372,324,307
Nous UCI,,0,0,0,0,0,0,0,0,0,0,0,0,0,5,0,10,3,2,0,0,13,4,7,9,18,10,11,14
Noves morts,,0,0,0,0,0,0,0,0,0,0,0,0,0,5,1,0,5,3,0,9,13,4,13,18,14,12,23,13
Noves altes,,,,,,,,,,,,,,,,,,,,,,,,,,,,283,61