Data,Mon Feb 24 2020 00:00:00 GMT+0100 (Central European Standard Time),Tue Feb 25 2020 00:00:00 GMT+0100 (Central European Standard Time),Wed Feb 26 2020 00:00:00 GMT+0100 (Central European Standard Time),Thu Feb 27 2020 00:00:00 GMT+0100 (Central European Standard Time),Fri Feb 28 2020 00:00:00 GMT+0100 (Central European Standard Time),Sat Feb 29 2020 00:00:00 GMT+0100 (Central European Standard Time),Sun Mar 01 2020 00:00:00 GMT+0100 (Central European Standard Time),Mon Mar 02 2020 00:00:00 GMT+0100 (Central European Standard Time),Tue Mar 03 2020 00:00:00 GMT+0100 (Central European Standard Time),Wed Mar 04 2020 00:00:00 GMT+0100 (Central European Standard Time),Thu Mar 05 2020 00:00:00 GMT+0100 (Central European Standard Time),Fri Mar 06 2020 00:00:00 GMT+0100 (Central European Standard Time),Sat Mar 07 2020 00:00:00 GMT+0100 (Central European Standard Time),Sun Mar 08 2020 00:00:00 GMT+0100 (Central European Standard Time),Mon Mar 09 2020 00:00:00 GMT+0100 (Central European Standard Time),Tue Mar 10 2020 00:00:00 GMT+0100 (Central European Standard Time),Wed Mar 11 2020 00:00:00 GMT+0100 (Central European Standard Time),Thu Mar 12 2020 00:00:00 GMT+0100 (Central European Standard Time),Fri Mar 13 2020 00:00:00 GMT+0100 (Central European Standard Time),Sat Mar 14 2020 00:00:00 GMT+0100 (Central European Standard Time),Sun Mar 15 2020 00:00:00 GMT+0100 (Central European Standard Time),Mon Mar 16 2020 00:00:00 GMT+0100 (Central European Standard Time),Tue Mar 17 2020 00:00:00 GMT+0100 (Central European Standard Time),Wed Mar 18 2020 00:00:00 GMT+0100 (Central European Standard Time),Thu Mar 19 2020 00:00:00 GMT+0100 (Central European Standard Time),Fri Mar 20 2020 00:00:00 GMT+0100 (Central European Standard Time),Sat Mar 21 2020 00:00:00 GMT+0100 (Central European Standard Time),Sun Mar 22 2020 00:00:00 GMT+0100 (Central European Standard Time),Mon Mar 23 2020 00:00:00 GMT+0100 (Central European Standard Time),Tue Mar 24 2020 00:00:00 GMT+0100 (Central European Standard Time),Wed Mar 25 2020 00:00:00 GMT+0100 (Central European Standard Time)
Casos positius,,,,2,5,5,10,29,34,70,70,174,202,202,469,782,1024,1388,1990,2940,3544,4871,5637,6777,7165,8921,9702,10575,12352,14597,17166
UCI,,,,,,,,,,2,2,19,36,36,53,77,102,135,180,233,286,340,491,590,678,767,834,942,1050,1150,1221
Morts,,,,,,,,,,,,,,,8,21,31,56,81,86,213,355,390,498,628,804,1021,1263,1535,1825,2090
Altes,,,,,,,,,,,,,,,,,,,,,,,,,,,,2063,2291,3031,3882
Nous positius,,0,0,2,3,0,5,19,5,36,0,104,28,0,267,313,242,364,602,950,604,1327,766,1140,388,1756,781,873,1777,2245,2569
Nous UCI,,0,0,0,0,0,0,0,0,2,0,17,17,0,17,24,25,33,45,53,53,54,151,99,88,89,67,108,108,100,71
Noves morts,,0,0,0,0,0,0,0,0,0,0,0,0,0,8,13,10,25,25,5,127,142,35,108,130,176,217,242,272,290,265
Noves altes,,,,,,,,,,,,,,,,,,,,,,,,,,,,2063,228,740,851