5925,Mon Feb 24 2020 00:00:00 GMT+0100 (Central European Standard Time),Tue Feb 25 2020 00:00:00 GMT+0100 (Central European Standard Time),Wed Feb 26 2020 00:00:00 GMT+0100 (Central European Standard Time),Thu Feb 27 2020 00:00:00 GMT+0100 (Central European Standard Time),Fri Feb 28 2020 00:00:00 GMT+0100 (Central European Standard Time),Sat Feb 29 2020 00:00:00 GMT+0100 (Central European Standard Time),Sun Mar 01 2020 00:00:00 GMT+0100 (Central European Standard Time),Mon Mar 02 2020 00:00:00 GMT+0100 (Central European Standard Time),Tue Mar 03 2020 00:00:00 GMT+0100 (Central European Standard Time),Wed Mar 04 2020 00:00:00 GMT+0100 (Central European Standard Time),Thu Mar 05 2020 00:00:00 GMT+0100 (Central European Standard Time),Fri Mar 06 2020 00:00:00 GMT+0100 (Central European Standard Time),Sat Mar 07 2020 00:00:00 GMT+0100 (Central European Standard Time),Sun Mar 08 2020 00:00:00 GMT+0100 (Central European Standard Time),Mon Mar 09 2020 00:00:00 GMT+0100 (Central European Standard Time),Tue Mar 10 2020 00:00:00 GMT+0100 (Central European Standard Time),Wed Mar 11 2020 00:00:00 GMT+0100 (Central European Standard Time),Thu Mar 12 2020 00:00:00 GMT+0100 (Central European Standard Time),Fri Mar 13 2020 00:00:00 GMT+0100 (Central European Standard Time),Sat Mar 14 2020 00:00:00 GMT+0100 (Central European Standard Time),Sun Mar 15 2020 00:00:00 GMT+0100 (Central European Standard Time),Mon Mar 16 2020 00:00:00 GMT+0100 (Central European Standard Time),Tue Mar 17 2020 00:00:00 GMT+0100 (Central European Standard Time),Wed Mar 18 2020 00:00:00 GMT+0100 (Central European Standard Time),Thu Mar 19 2020 00:00:00 GMT+0100 (Central European Standard Time),Fri Mar 20 2020 00:00:00 GMT+0100 (Central European Standard Time),Sat Mar 21 2020 00:00:00 GMT+0100 (Central European Standard Time),Sun Mar 22 2020 00:00:00 GMT+0100 (Central European Standard Time),Mon Mar 23 2020 00:00:00 GMT+0100 (Central European Standard Time),Tue Mar 24 2020 00:00:00 GMT+0100 (Central European Standard Time),Wed Mar 25 2020 00:00:00 GMT+0100 (Central European Standard Time),Thu Mar 26 2020 00:00:00 GMT+0100 (Central European Standard Time)
Casos positius,,,,2,3,3,6,15,15,15,15,15,24,49,75,124,156,260,316,715,903,1394,1866,2702,3270,4203,4704,5925,7864,9937,11592,12940
Casos actius,,,,,,,,,,,,,,,,,,,,,,,,,3106,3931,3869,4952,6770,8147,9223,9676
UCI,,,,,,,,,,,,,,,,,20,25,35,41,52,74,65,92,98,298,298,551,658,781,1021,1187
Morts,,,,,,,,,,,,,,,1,3,3,4,4,6,8,18,41,55,82,122,191,245,339,516,672,880
Altes,,,,,,,,,,,,,,,,,,,,,,,,,82,150,644,728,755,1274,1697,2384
Nous positius,,0,0,2,1,0,3,9,0,0,0,0,9,25,26,49,32,104,56,399,188,491,472,836,568,933,501,1221,1939,2073,1655,1348
Nous UCI,,0,0,0,0,0,0,0,0,0,0,0,0,0,0,0,20,5,10,6,11,22,-9,27,6,200,0,253,107,123,240,166
Noves morts,,0,0,0,0,0,0,0,0,0,0,0,0,0,1,2,0,1,0,2,2,10,23,14,27,40,69,54,94,177,156,208
Noves altes,,,,,,,,,,,,,,,,,,,,,,,,,82,68,494,84,27,519,423,687